4.88
4.82
4.96
4.81
4.76
4.9
4.83
4.78
4.86
4.78
4.92
4.97
4.72
4.91
4.8
4.78
5.05
4.82
4.73
4.84
4.99
4.75
4.91
4.88
4.77
4.79
4.82
4.99
4.73
4.84
4.92
4.91
4.9
4.92
5
4.88
4.8
4.82
4.93
4.83
4.82
4.83
4.73
4.92
4.74
4.89
4.83
4.8
4.8
4.84
4.88
4.83
4.86
4.77
4.82
4.78
4.87
4.73
4.67
4.91
5.03
5.01
4.82
4.91
4.92
4.92
4.81
4.76
4.85
4.79
4.83
4.97
5.07
4.82
4.77
4.88
4.88
5.03
4.85
4.96
5.07
4.85
4.98
4.77
4.97
4.97
4.62
4.95
4.87
4.94
4.86
4.82
4.85
4.94
4.96
4.86
4.92
4.74
4.64
4.85
4.84
4.85
4.9
4.97
4.89
4.95
4.73
4.79
4.78
4.94
4.89
4.89
4.8
4.92
4.77
4.74
5.04
4.97
5.04
5.11
4.78
5.01
4.82
5.1
4.92
5.05
4.85
4.92
4.83
4.95
4.89
4.84
4.82
4.85
4.91
4.7
4.94
4.88
4.96
4.81
5
5.07
4.76
4.83
4.9
4.94
4.92
4.85
4.73
4.94
4.92
4.9
4.94
4.78
4.89
4.93
4.76
4.88
4.88
4.7
4.81
4.8
4.77
4.71
4.7
4.88
4.73
4.82
4.69
4.68
4.77
4.78
4.63
4.67
4.75
4.97
5.04
5.11
4.78
5.01
4.82
5.1
4.92
5.05
4.85
4.92
4.83
4.95
4.89
4.84
4.82
4.85
4.91
4.7
4.94
4.88
4.96
4.81
5
5.07
4.76
4.83
4.9
4.73
4.76
4.79
4.68
4.83
4.68
4.68
4.82
4.87
4.7
4.57
4.91
4.84
4.87
4.97
4.84
4.87
5.05
4.85
4.97
4.77
4.77
4.73
4.81
4.84
4.7
4.73
4.82
4.94
4.8
4.78
4.81
4.96
4.91
4.77
4.82
4.81
4.82
4.81
4.94
4.78
4.83
4.79
4.81
4.77
4.95
4.83
4.85
4.84
4.9
4.8
4.96
4.87
4.76
4.84
4.89
4.83
4.81
4.82
4.77
4.91
4.94
4.89
4.81
4.88
4.72
4.78
4.86
4.79
4.94
4.78
4.79
4.82
4.69
4.83
4.78
4.82
4.7
4.79
4.82
4.74
4.79
4.91
4.76
4.81
4.69
5.03
4.92