3.34
3.25
3.2
3.25
3.29
3.18
3.2
3.32
3.29
3.27
3.33
3.26
3.16
3.28
3.25
3.24
3.24
3.28
3.23
3.17
3.23
3.2
3.29
3.27
3.21
3.42
3.18
3.3
3.32
3.17
3.21
3.31
3.3
3.14
3.17
3.25
3.22
3.15
3.26
3.21
3.17
3.23
3.26
3.39
3.18
3.28
3.17
3.27
3.35
3.03
3.01
3.21
3.23
3.31
3.27
3.21
3.21
3.21
3.27
3.22
3.18
3.25
3.23
3.25
3.18
3.12
3.22
3.24
3.35
3.13
3.27
3.28
3.21
3.23
3.25
3.3
3.13
3.2
3.14
3.19
3.25
3.23
3.21
3.28
3.23
3.25
3.13
3.18
3.19
3.27
3.14
3.28
3.27
3.26
3.16
3.27
3.15
3.23
3.06
3.21
3.24
3.19
3.27
3.21
3.28
3.31
3.27
3.33
3.17
3.13
3.3
3.21
3.19
3.47
3.22
3.23
3.37
3.27
3.24
3.26
3.32
3.18
3.14
3.28
3.18
3.44
3.17
3.28
3.25
3.2
3.16
3.26
3.19
3.33
3.23
3.19
3.25
3.19
3.24
3.02
3.25
3.29
3.22
3.14
3.27
3.12
3.15
3.07
3.14
3.25
3.19
3.23
3.14
3.26
3.24
3.16
3.29
3.17
3.24
3.15
3.38
3.25
3.27
3.14
3.09
3.27
3.3
3.24
3.11
3.2
3.16
3.21
3.3
3.22
3.24
3.28
3.21
3.2
3.18
3.29
3.22
3.14
3.22
3.24
3.28
3.22
3.22
3.28
3.19
3.21
3.25
3.27
3.24
3.24
3.27
3.14
3.22
3.18
3.16
3.17
3.16
3.18
3.22
3.19
3.18
3.31
3.21
3.22
3.15
3.25
3.08
3.33
3.26
3.16
3.14
3.08
3.09
3.26
3.29
3.26
3.13
3.2
3.27
3.2
3.25
3.2
3.19
3.22
3.35
3.09
3.2
3.24
3.08
3.27
3.28
3.32
3.16
3.12
3.28
3.18
3.19
3.35
3.15
3.05
3.22
3.22
3.29
3.13
3.19
3.36
3.08
3.19
3.13
3.3
3.13
3.23
3.24
3.14
3.24
